Iteration 	 Mean deviation (m) 	 Maximum deviation (m) 	 Mean deviation (%) 	 Maximum deviation (%)
1 	 0.190595 	 0.231905 	 114.816341 	 139.701878
2 	 0.126115 	 0.178226 	 75.972834 	 107.365201
3 	 0.116332 	 0.167092 	 70.079545 	 100.658102
4 	 0.004236 	 0.013394 	 2.552038 	 8.068493
5 	 0.001797 	 0.006304 	 1.082301 	 3.797407
6 	 0.001067 	 0.002244 	 0.642596 	 1.352033
7 	 0.000825 	 0.001690 	 0.496758 	 1.018258
8 	 0.001205 	 0.003809 	 0.725943 	 2.294865
9 	 0.000718 	 0.002089 	 0.432762 	 1.258315
10 	 0.000514 	 0.001970 	 0.309552 	 1.187011
11 	 0.000745 	 0.001922 	 0.449063 	 1.157536
12 	 0.000491 	 0.001370 	 0.295765 	 0.825111
13 	 0.000402 	 0.001182 	 0.242146 	 0.712044
14 	 0.000461 	 0.001137 	 0.277640 	 0.685168
15 	 0.000898 	 0.001994 	 0.540715 	 1.201114
16 	 0.000494 	 0.001385 	 0.297633 	 0.834244
17 	 0.000416 	 0.001139 	 0.250408 	 0.686286
18 	 0.000498 	 0.001144 	 0.300148 	 0.688949
19 	 0.000402 	 0.001068 	 0.242259 	 0.643508
20 	 0.000392 	 0.001001 	 0.236254 	 0.603272
21 	 0.516020 	 0.985424 	 310.855744 	 593.629994
22 	 0.000414 	 0.001157 	 0.249617 	 0.697076
23 	 0.000393 	 0.001252 	 0.236560 	 0.754499
24 	 0.000476 	 0.001182 	 0.286845 	 0.712179
25 	 0.000377 	 0.001190 	 0.226826 	 0.717054
26 	 0.000381 	 0.001118 	 0.229615 	 0.673272
27 	 0.000384 	 0.001125 	 0.231597 	 0.677789
28 	 0.000374 	 0.001164 	 0.225459 	 0.701430
29 	 0.000373 	 0.001175 	 0.224861 	 0.707731
30 	 0.000370 	 0.001216 	 0.223061 	 0.732360
31 	 0.000833 	 0.004106 	 0.501870 	 2.473415
32 	 0.000626 	 0.001337 	 0.377352 	 0.805680
33 	 0.000373 	 0.001293 	 0.224442 	 0.779108
34 	 0.000363 	 0.001201 	 0.218378 	 0.723469
35 	 0.000362 	 0.001214 	 0.218068 	 0.731419
36 	 0.000359 	 0.001260 	 0.216447 	 0.758890
37 	 0.000353 	 0.001345 	 0.212571 	 0.810003
38 	 0.000350 	 0.001374 	 0.210979 	 0.827469
39 	 0.000349 	 0.001381 	 0.210491 	 0.832094
40 	 0.000349 	 0.001382 	 0.210072 	 0.832786
41 	 0.000462 	 0.001642 	 0.278543 	 0.989220
42 	 0.000351 	 0.001567 	 0.211674 	 0.943927
43 	 0.000335 	 0.001349 	 0.202033 	 0.812936
44 	 0.000336 	 0.001357 	 0.202175 	 0.817180
45 	 0.000335 	 0.001362 	 0.201866 	 0.820271
46 	 0.000335 	 0.001364 	 0.201731 	 0.821863
47 	 0.000335 	 0.001365 	 0.201703 	 0.822267
48 	 0.000335 	 0.001365 	 0.201687 	 0.822495
49 	 0.000335 	 0.001366 	 0.201653 	 0.823091
50 	 0.000335 	 0.001368 	 0.201611 	 0.823964
51 	 0.000330 	 0.001316 	 0.198820 	 0.792726
52 	 0.000460 	 0.002239 	 0.277198 	 1.348967
53 	 0.000326 	 0.001392 	 0.196620 	 0.838848
54 	 0.000327 	 0.001385 	 0.197136 	 0.834200
55 	 0.000327 	 0.001385 	 0.197248 	 0.834132
56 	 0.000327 	 0.001385 	 0.197271 	 0.834090
57 	 0.000327 	 0.001383 	 0.197247 	 0.833374
58 	 0.000327 	 0.001380 	 0.197122 	 0.831557
59 	 0.000327 	 0.001377 	 0.196939 	 0.829288
60 	 0.000327 	 0.001375 	 0.196836 	 0.828196
61 	 0.000323 	 0.001335 	 0.194463 	 0.804359
62 	 0.000353 	 0.001539 	 0.212773 	 0.926863
63 	 0.000322 	 0.001356 	 0.193999 	 0.816648
64 	 0.000323 	 0.001367 	 0.194286 	 0.823426
65 	 0.000322 	 0.001367 	 0.194211 	 0.823336
66 	 0.000322 	 0.001369 	 0.193798 	 0.824547
67 	 0.000321 	 0.001370 	 0.193670 	 0.825406
68 	 0.000321 	 0.001373 	 0.193443 	 0.827265
69 	 0.000321 	 0.001376 	 0.193233 	 0.829139
70 	 0.000320 	 0.001382 	 0.192887 	 0.832256
71 	 0.000314 	 0.001411 	 0.188925 	 0.850151
72 	 0.000315 	 0.001370 	 0.190043 	 0.825112
73 	 0.000315 	 0.001370 	 0.189794 	 0.825436
74 	 0.000315 	 0.001358 	 0.189502 	 0.817954
75 	 0.000318 	 0.001365 	 0.191666 	 0.822514
76 	 0.000318 	 0.001364 	 0.191724 	 0.821517
77 	 0.000318 	 0.001352 	 0.191674 	 0.814223
78 	 0.000318 	 0.001340 	 0.191428 	 0.807015
79 	 0.000317 	 0.001343 	 0.191192 	 0.808791
80 	 0.000317 	 0.001343 	 0.191186 	 0.809313
81 	 0.000351 	 0.001373 	 0.211212 	 0.827092
82 	 0.000313 	 0.001343 	 0.188855 	 0.808960
83 	 0.000313 	 0.001338 	 0.188388 	 0.805734
84 	 0.000313 	 0.001341 	 0.188323 	 0.807773
85 	 0.000312 	 0.001348 	 0.188095 	 0.812077
86 	 0.000312 	 0.001352 	 0.188050 	 0.814223
87 	 0.000313 	 0.001342 	 0.188777 	 0.808730
88 	 0.000316 	 0.001340 	 0.190341 	 0.807488
89 	 0.000317 	 0.001343 	 0.191110 	 0.808784
90 	 0.000317 	 0.001343 	 0.191178 	 0.809051
91 	 0.000341 	 0.001364 	 0.205706 	 0.821710
92 	 0.000312 	 0.001342 	 0.187868 	 0.808293
93 	 0.000310 	 0.001343 	 0.186868 	 0.809309
94 	 0.000310 	 0.001340 	 0.186714 	 0.807075
95 	 0.000310 	 0.001333 	 0.186794 	 0.803002
96 	 0.000312 	 0.001340 	 0.187709 	 0.807356
97 	 0.000314 	 0.001347 	 0.189096 	 0.811602
98 	 0.000316 	 0.001347 	 0.190126 	 0.811159
99 	 0.000316 	 0.001345 	 0.190120 	 0.809950
100 	 0.000315 	 0.001343 	 0.190008 	 0.809226
101 	 0.000308 	 0.001321 	 0.185452 	 0.795613
102 	 0.000330 	 0.001276 	 0.198713 	 0.768593
103 	 0.000308 	 0.001318 	 0.185259 	 0.793925
104 	 0.000308 	 0.001308 	 0.185419 	 0.787882
105 	 0.000313 	 0.001291 	 0.188464 	 0.777617
106 	 0.000313 	 0.001292 	 0.188519 	 0.778083
107 	 0.000313 	 0.001297 	 0.188784 	 0.781236
108 	 0.000315 	 0.001318 	 0.189964 	 0.793783
109 	 0.000315 	 0.001323 	 0.190034 	 0.797043
110 	 0.000316 	 0.001330 	 0.190253 	 0.801383
111 	 0.000380 	 0.001441 	 0.229084 	 0.868334
112 	 0.000322 	 0.001325 	 0.193967 	 0.798452
113 	 0.000315 	 0.001326 	 0.189698 	 0.798913
114 	 0.000312 	 0.001295 	 0.187772 	 0.780319
115 	 0.000314 	 0.001295 	 0.189326 	 0.780295
116 	 0.000314 	 0.001298 	 0.189328 	 0.781885
117 	 0.000314 	 0.001304 	 0.189117 	 0.785340
118 	 0.000313 	 0.001310 	 0.188792 	 0.789270
119 	 0.000313 	 0.001321 	 0.188316 	 0.795563
120 	 0.000312 	 0.001331 	 0.188104 	 0.801584
121 	 0.000526 	 0.001385 	 0.316937 	 0.834309
122 	 0.002335 	 0.004021 	 1.406648 	 2.422261
123 	 0.000331 	 0.001232 	 0.199650 	 0.742152
124 	 0.000346 	 0.001224 	 0.208516 	 0.737064
125 	 0.000225 	 0.001053 	 0.135816 	 0.634589
126 	 0.000659 	 0.001294 	 0.396969 	 0.779341
127 	 0.000317 	 0.001037 	 0.190953 	 0.624923
128 	 0.000311 	 0.001152 	 0.187568 	 0.693928
129 	 0.000213 	 0.001076 	 0.128022 	 0.648206
130 	 0.000230 	 0.001091 	 0.138555 	 0.656942
131 	 0.000225 	 0.000653 	 0.135528 	 0.393464
132 	 0.000213 	 0.000809 	 0.128211 	 0.487179
133 	 0.000216 	 0.000685 	 0.130209 	 0.412630
134 	 0.000174 	 0.000651 	 0.104812 	 0.391897
135 	 0.000169 	 0.000707 	 0.101963 	 0.426015
136 	 0.000168 	 0.000799 	 0.101183 	 0.481052
137 	 0.000164 	 0.000857 	 0.098541 	 0.516499
138 	 0.000157 	 0.000893 	 0.094834 	 0.537791
139 	 0.000139 	 0.000952 	 0.083811 	 0.573278
140 	 0.000136 	 0.000939 	 0.082086 	 0.565858
141 	 0.000325 	 0.000712 	 0.195640 	 0.429002
142 	 0.000102 	 0.000502 	 0.061422 	 0.302310
143 	 0.000107 	 0.000590 	 0.064684 	 0.355214
144 	 0.000092 	 0.000623 	 0.055143 	 0.375045
145 	 0.000086 	 0.000627 	 0.051980 	 0.377778
146 	 0.000078 	 0.000657 	 0.047280 	 0.395848
147 	 0.000075 	 0.000689 	 0.045339 	 0.415259
148 	 0.000072 	 0.000705 	 0.043329 	 0.424561
149 	 0.000072 	 0.000697 	 0.043525 	 0.419634
150 	 0.000071 	 0.000695 	 0.043063 	 0.418652
151 	 0.000062 	 0.000446 	 0.037459 	 0.268382
152 	 0.000055 	 0.000450 	 0.032893 	 0.271242
153 	 0.000053 	 0.000497 	 0.032049 	 0.299307
154 	 0.000060 	 0.000529 	 0.035844 	 0.318520
155 	 0.000049 	 0.000506 	 0.029486 	 0.304842
156 	 0.000050 	 0.000491 	 0.029875 	 0.295937
157 	 0.000049 	 0.000491 	 0.029623 	 0.296072
158 	 0.000049 	 0.000496 	 0.029371 	 0.299067
159 	 0.000049 	 0.000497 	 0.029431 	 0.299192
160 	 0.000049 	 0.000497 	 0.029410 	 0.299683
161 	 0.000101 	 0.000470 	 0.060585 	 0.283165
162 	 0.000048 	 0.000464 	 0.029063 	 0.279332
163 	 0.000049 	 0.000488 	 0.029767 	 0.293971
164 	 0.000044 	 0.000472 	 0.026525 	 0.284409
165 	 0.000044 	 0.000470 	 0.026584 	 0.283278
166 	 0.000044 	 0.000470 	 0.026314 	 0.283027
167 	 0.000043 	 0.000465 	 0.025947 	 0.280284
168 	 0.000043 	 0.000450 	 0.025869 	 0.270873
169 	 0.000042 	 0.000450 	 0.025044 	 0.271224
170 	 0.000044 	 0.000453 	 0.026317 	 0.272828
171 	 0.000070 	 0.000434 	 0.042000 	 0.261642
172 	 0.000041 	 0.000448 	 0.024841 	 0.270115
173 	 0.000040 	 0.000448 	 0.024309 	 0.270162
174 	 0.000040 	 0.000449 	 0.024378 	 0.270764
175 	 0.000040 	 0.000449 	 0.024376 	 0.270756
176 	 0.000040 	 0.000449 	 0.024364 	 0.270602
177 	 0.000040 	 0.000449 	 0.024353 	 0.270573
178 	 0.000040 	 0.000449 	 0.024324 	 0.270491
179 	 0.000040 	 0.000449 	 0.024289 	 0.270437
180 	 0.000040 	 0.000449 	 0.024269 	 0.270485
181 	 0.000039 	 0.000449 	 0.023723 	 0.270754
182 	 0.000059 	 0.000466 	 0.035382 	 0.280693
183 	 0.000040 	 0.000451 	 0.024058 	 0.271572
184 	 0.000040 	 0.000451 	 0.023983 	 0.271443
185 	 0.000040 	 0.000450 	 0.023922 	 0.271076
186 	 0.000040 	 0.000450 	 0.023992 	 0.270863
187 	 0.000040 	 0.000449 	 0.024066 	 0.270782
188 	 0.000040 	 0.000449 	 0.024080 	 0.270776
189 	 0.000040 	 0.000449 	 0.024079 	 0.270776
190 	 0.000040 	 0.000449 	 0.024076 	 0.270773
191 	 0.000039 	 0.000449 	 0.023724 	 0.270752
192 	 0.000039 	 0.000449 	 0.023752 	 0.270744
193 	 0.000040 	 0.000449 	 0.023803 	 0.270371
194 	 0.000040 	 0.000449 	 0.023827 	 0.270481
195 	 0.000040 	 0.000449 	 0.023857 	 0.270565
196 	 0.000040 	 0.000449 	 0.023915 	 0.270740
197 	 0.000040 	 0.000450 	 0.023998 	 0.270966
198 	 0.000040 	 0.000450 	 0.024108 	 0.271200
199 	 0.000040 	 0.000450 	 0.024190 	 0.271230
